 1.00000000e+01  1.00000000e+01  0.00000000e+00  1.00000000e+01 -3.00486472e+01 
 1.02329299e+01  1.02329299e+01  0.00000000e+00  1.02329299e+01 -3.00486529e+01 
 1.04712855e+01  1.04712855e+01  0.00000000e+00  1.04712855e+01 -3.00486590e+01 
 1.07151931e+01  1.07151931e+01  0.00000000e+00  1.07151931e+01 -3.00486653e+01 
 1.09647820e+01  1.09647820e+01  0.00000000e+00  1.09647820e+01 -3.00486719e+01 
 1.12201845e+01  1.12201845e+01  0.00000000e+00  1.12201845e+01 -3.00486789e+01 
 1.14815362e+01  1.14815362e+01  0.00000000e+00  1.14815362e+01 -3.00486861e+01 
 1.17489755e+01  1.17489755e+01  0.00000000e+00  1.17489755e+01 -3.00486937e+01 
 1.20226443e+01  1.20226443e+01  0.00000000e+00  1.20226443e+01 -3.00487017e+01 
 1.23026877e+01  1.23026877e+01  0.00000000e+00  1.23026877e+01 -3.00487100e+01 
 1.25892541e+01  1.25892541e+01  0.00000000e+00  1.25892541e+01 -3.00487188e+01 
 1.28824955e+01  1.28824955e+01  0.00000000e+00  1.28824955e+01 -3.00487279e+01 
 1.31825674e+01  1.31825674e+01  0.00000000e+00  1.31825674e+01 -3.00487375e+01 
 1.34896288e+01  1.34896288e+01  0.00000000e+00  1.34896288e+01 -3.00487475e+01 
 1.38038426e+01  1.38038426e+01  0.00000000e+00  1.38038426e+01 -3.00487580e+01 
 1.41253754e+01  1.41253754e+01  0.00000000e+00  1.41253754e+01 -3.00487690e+01 
 1.44543977e+01  1.44543977e+01  0.00000000e+00  1.44543977e+01 -3.00487805e+01 
 1.47910839e+01  1.47910839e+01  0.00000000e+00  1.47910839e+01 -3.00487926e+01 
 1.51356125e+01  1.51356125e+01  0.00000000e+00  1.51356125e+01 -3.00488052e+01 
 1.54881662e+01  1.54881662e+01  0.00000000e+00  1.54881662e+01 -3.00488184e+01 
 1.58489319e+01  1.58489319e+01  0.00000000e+00  1.58489319e+01 -3.00488323e+01 
 1.62181010e+01  1.62181010e+01  0.00000000e+00  1.62181010e+01 -3.00488467e+01 
 1.65958691e+01  1.65958691e+01  0.00000000e+00  1.65958691e+01 -3.00488619e+01 
 1.69824365e+01  1.69824365e+01  0.00000000e+00  1.69824365e+01 -3.00488778e+01 
 1.73780083e+01  1.73780083e+01  0.00000000e+00  1.73780083e+01 -3.00488944e+01 
 1.77827941e+01  1.77827941e+01  0.00000000e+00  1.77827941e+01 -3.00489119e+01 
 1.81970086e+01  1.81970086e+01  0.00000000e+00  1.81970086e+01 -3.00489301e+01 
 1.86208714e+01  1.86208714e+01  0.00000000e+00  1.86208714e+01 -3.00489492e+01 
 1.90546072e+01  1.90546072e+01  0.00000000e+00  1.90546072e+01 -3.00489692e+01 
 1.94984460e+01  1.94984460e+01  0.00000000e+00  1.94984460e+01 -3.00489902e+01 
 1.99526231e+01  1.99526231e+01  0.00000000e+00  1.99526231e+01 -3.00490121e+01 
 2.04173794e+01  2.04173794e+01  0.00000000e+00  2.04173794e+01 -3.00490351e+01 
 2.08929613e+01  2.08929613e+01  0.00000000e+00  2.08929613e+01 -3.00490591e+01 
 2.13796209e+01  2.13796209e+01  0.00000000e+00  2.13796209e+01 -3.00490843e+01 
 2.18776162e+01  2.18776162e+01  0.00000000e+00  2.18776162e+01 -3.00491107e+01 
 2.23872114e+01  2.23872114e+01  0.00000000e+00  2.23872114e+01 -3.00491383e+01 
 2.29086765e+01  2.29086765e+01  0.00000000e+00  2.29086765e+01 -3.00491672e+01 
 2.34422882e+01  2.34422882e+01  0.00000000e+00  2.34422882e+01 -3.00491975e+01 
 2.39883292e+01  2.39883292e+01  0.00000000e+00  2.39883292e+01 -3.00492292e+01 
 2.45470892e+01  2.45470892e+01  0.00000000e+00  2.45470892e+01 -3.00492624e+01 
 2.51188643e+01  2.51188643e+01  0.00000000e+00  2.51188643e+01 -3.00492971e+01 
 2.57039578e+01  2.57039578e+01  0.00000000e+00  2.57039578e+01 -3.00493335e+01 
 2.63026799e+01  2.63026799e+01  0.00000000e+00  2.63026799e+01 -3.00493716e+01 
 2.69153480e+01  2.69153480e+01  0.00000000e+00  2.69153480e+01 -3.00494115e+01 
 2.75422870e+01  2.75422870e+01  0.00000000e+00  2.75422870e+01 -3.00494533e+01 
 2.81838293e+01  2.81838293e+01  0.00000000e+00  2.81838293e+01 -3.00494971e+01 
 2.88403150e+01  2.88403150e+01  0.00000000e+00  2.88403150e+01 -3.00495429e+01 
 2.95120923e+01  2.95120923e+01  0.00000000e+00  2.95120923e+01 -3.00495909e+01 
 3.01995172e+01  3.01995172e+01  0.00000000e+00  3.01995172e+01 -3.00496411e+01 
 3.09029543e+01  3.09029543e+01  0.00000000e+00  3.09029543e+01 -3.00496937e+01 
 3.16227766e+01  3.16227766e+01  0.00000000e+00  3.16227766e+01 -3.00497488e+01 
 3.23593657e+01  3.23593657e+01  0.00000000e+00  3.23593657e+01 -3.00498065e+01 
 3.31131121e+01  3.31131121e+01  0.00000000e+00  3.31131121e+01 -3.00498669e+01 
 3.38844156e+01  3.38844156e+01  0.00000000e+00  3.38844156e+01 -3.00499301e+01 
 3.46736850e+01  3.46736850e+01  0.00000000e+00  3.46736850e+01 -3.00499963e+01 
 3.54813389e+01  3.54813389e+01  0.00000000e+00  3.54813389e+01 -3.00500657e+01 
 3.63078055e+01  3.63078055e+01  0.00000000e+00  3.63078055e+01 -3.00501383e+01 
 3.71535229e+01  3.71535229e+01  0.00000000e+00  3.71535229e+01 -3.00502143e+01 
 3.80189396e+01  3.80189396e+01  0.00000000e+00  3.80189396e+01 -3.00502939e+01 
 3.89045145e+01  3.89045145e+01  0.00000000e+00  3.89045145e+01 -3.00503773e+01 
 3.98107171e+01  3.98107171e+01  0.00000000e+00  3.98107171e+01 -3.00504646e+01 
 4.07380278e+01  4.07380278e+01  0.00000000e+00  4.07380278e+01 -3.00505560e+01 
 4.16869383e+01  4.16869383e+01  0.00000000e+00  4.16869383e+01 -3.00506517e+01 
 4.26579519e+01  4.26579519e+01  0.00000000e+00  4.26579519e+01 -3.00507519e+01 
 4.36515832e+01  4.36515832e+01  0.00000000e+00  4.36515832e+01 -3.00508568e+01 
 4.46683592e+01  4.46683592e+01  0.00000000e+00  4.46683592e+01 -3.00509667e+01 
 4.57088190e+01  4.57088190e+01  0.00000000e+00  4.57088190e+01 -3.00510817e+01 
 4.67735141e+01  4.67735141e+01  0.00000000e+00  4.67735141e+01 -3.00512022e+01 
 4.78630092e+01  4.78630092e+01  0.00000000e+00  4.78630092e+01 -3.00513284e+01 
 4.89778819e+01  4.89778819e+01  0.00000000e+00  4.89778819e+01 -3.00514604e+01 
 5.01187234e+01  5.01187234e+01  0.00000000e+00  5.01187234e+01 -3.00515988e+01 
 5.12861384e+01  5.12861384e+01  0.00000000e+00  5.12861384e+01 -3.00517436e+01 
 5.24807460e+01  5.24807460e+01  0.00000000e+00  5.24807460e+01 -3.00518952e+01 
 5.37031796e+01  5.37031796e+01  0.00000000e+00  5.37031796e+01 -3.00520540e+01 
 5.49540874e+01  5.49540874e+01  0.00000000e+00  5.49540874e+01 -3.00522203e+01 
 5.62341325e+01  5.62341325e+01  0.00000000e+00  5.62341325e+01 -3.00523943e+01 
 5.75439937e+01  5.75439937e+01  0.00000000e+00  5.75439937e+01 -3.00525766e+01 
 5.88843655e+01  5.88843655e+01  0.00000000e+00  5.88843655e+01 -3.00527675e+01 
 6.02559586e+01  6.02559586e+01  0.00000000e+00  6.02559586e+01 -3.00529673e+01 
 6.16595002e+01  6.16595002e+01  0.00000000e+00  6.16595002e+01 -3.00531766e+01 
 6.30957344e+01  6.30957344e+01  0.00000000e+00  6.30957344e+01 -3.00533957e+01 
 6.45654229e+01  6.45654229e+01  0.00000000e+00  6.45654229e+01 -3.00536251e+01 
 6.60693448e+01  6.60693448e+01  0.00000000e+00  6.60693448e+01 -3.00538654e+01 
 6.76082975e+01  6.76082975e+01  0.00000000e+00  6.76082975e+01 -3.00541169e+01 
 6.91830971e+01  6.91830971e+01  0.00000000e+00  6.91830971e+01 -3.00543803e+01 
 7.07945784e+01  7.07945784e+01  0.00000000e+00  7.07945784e+01 -3.00546560e+01 
 7.24435960e+01  7.24435960e+01  0.00000000e+00  7.24435960e+01 -3.00549448e+01 
 7.41310241e+01  7.41310241e+01  0.00000000e+00  7.41310241e+01 -3.00552471e+01 
 7.58577575e+01  7.58577575e+01  0.00000000e+00  7.58577575e+01 -3.00555637e+01 
 7.76247117e+01  7.76247117e+01  0.00000000e+00  7.76247117e+01 -3.00558951e+01 
 7.94328235e+01  7.94328235e+01  0.00000000e+00  7.94328235e+01 -3.00562422e+01 
 8.12830516e+01  8.12830516e+01  0.00000000e+00  8.12830516e+01 -3.00566055e+01 
 8.31763771e+01  8.31763771e+01  0.00000000e+00  8.31763771e+01 -3.00569860e+01 
 8.51138038e+01  8.51138038e+01  0.00000000e+00  8.51138038e+01 -3.00573844e+01 
 8.70963590e+01  8.70963590e+01  0.00000000e+00  8.70963590e+01 -3.00578015e+01 
 8.91250938e+01  8.91250938e+01  0.00000000e+00  8.91250938e+01 -3.00582382e+01 
 9.12010839e+01  9.12010839e+01  0.00000000e+00  9.12010839e+01 -3.00586954e+01 
 9.33254301e+01  9.33254301e+01  0.00000000e+00  9.33254301e+01 -3.00591742e+01 
 9.54992586e+01  9.54992586e+01  0.00000000e+00  9.54992586e+01 -3.00596754e+01 
 9.77237221e+01  9.77237221e+01  0.00000000e+00  9.77237221e+01 -3.00602002e+01 
 1.00000000e+02  1.00000000e+02  0.00000000e+00  1.00000000e+02 -3.00607497e+01 
 1.02329299e+02  1.02329299e+02  0.00000000e+00  1.02329299e+02 -3.00613250e+01 
 1.04712855e+02  1.04712855e+02  0.00000000e+00  1.04712855e+02 -3.00619273e+01 
 1.07151931e+02  1.07151931e+02  0.00000000e+00  1.07151931e+02 -3.00625579e+01 
 1.09647820e+02  1.09647820e+02  0.00000000e+00  1.09647820e+02 -3.00632182e+01 
 1.12201845e+02  1.12201845e+02  0.00000000e+00  1.12201845e+02 -3.00639094e+01 
 1.14815362e+02  1.14815362e+02  0.00000000e+00  1.14815362e+02 -3.00646331e+01 
 1.17489755e+02  1.17489755e+02  0.00000000e+00  1.17489755e+02 -3.00653908e+01 
 1.20226443e+02  1.20226443e+02  0.00000000e+00  1.20226443e+02 -3.00661841e+01 
 1.23026877e+02  1.23026877e+02  0.00000000e+00  1.23026877e+02 -3.00670146e+01 
 1.25892541e+02  1.25892541e+02  0.00000000e+00  1.25892541e+02 -3.00678840e+01 
 1.28824955e+02  1.28824955e+02  0.00000000e+00  1.28824955e+02 -3.00687943e+01 
 1.31825674e+02  1.31825674e+02  0.00000000e+00  1.31825674e+02 -3.00697472e+01 
 1.34896288e+02  1.34896288e+02  0.00000000e+00  1.34896288e+02 -3.00707449e+01 
 1.38038426e+02  1.38038426e+02  0.00000000e+00  1.38038426e+02 -3.00717893e+01 
 1.41253754e+02  1.41253754e+02  0.00000000e+00  1.41253754e+02 -3.00728826e+01 
 1.44543977e+02  1.44543977e+02  0.00000000e+00  1.44543977e+02 -3.00740272e+01 
 1.47910839e+02  1.47910839e+02  0.00000000e+00  1.47910839e+02 -3.00752254e+01 
 1.51356125e+02  1.51356125e+02  0.00000000e+00  1.51356125e+02 -3.00764797e+01 
 1.54881662e+02  1.54881662e+02  0.00000000e+00  1.54881662e+02 -3.00777928e+01 
 1.58489319e+02  1.58489319e+02  0.00000000e+00  1.58489319e+02 -3.00791673e+01 
 1.62181010e+02  1.62181010e+02  0.00000000e+00  1.62181010e+02 -3.00806061e+01 
 1.65958691e+02  1.65958691e+02  0.00000000e+00  1.65958691e+02 -3.00821122e+01 
 1.69824365e+02  1.69824365e+02  0.00000000e+00  1.69824365e+02 -3.00836887e+01 
 1.73780083e+02  1.73780083e+02  0.00000000e+00  1.73780083e+02 -3.00853390e+01 
 1.77827941e+02  1.77827941e+02  0.00000000e+00  1.77827941e+02 -3.00870663e+01 
 1.81970086e+02  1.81970086e+02  0.00000000e+00  1.81970086e+02 -3.00888743e+01 
 1.86208714e+02  1.86208714e+02  0.00000000e+00  1.86208714e+02 -3.00907667e+01 
 1.90546072e+02  1.90546072e+02  0.00000000e+00  1.90546072e+02 -3.00927474e+01 
 1.94984460e+02  1.94984460e+02  0.00000000e+00  1.94984460e+02 -3.00948205e+01 
 1.99526231e+02  1.99526231e+02  0.00000000e+00  1.99526231e+02 -3.00969902e+01 
 2.04173794e+02  2.04173794e+02  0.00000000e+00  2.04173794e+02 -3.00992610e+01 
 2.08929613e+02  2.08929613e+02  0.00000000e+00  2.08929613e+02 -3.01016376e+01 
 2.13796209e+02  2.13796209e+02  0.00000000e+00  2.13796209e+02 -3.01041247e+01 
 2.18776162e+02  2.18776162e+02  0.00000000e+00  2.18776162e+02 -3.01067276e+01 
 2.23872114e+02  2.23872114e+02  0.00000000e+00  2.23872114e+02 -3.01094515e+01 
 2.29086765e+02  2.29086765e+02  0.00000000e+00  2.29086765e+02 -3.01123019e+01 
 2.34422882e+02  2.34422882e+02  0.00000000e+00  2.34422882e+02 -3.01152846e+01 
 2.39883292e+02  2.39883292e+02  0.00000000e+00  2.39883292e+02 -3.01184057e+01 
 2.45470892e+02  2.45470892e+02  0.00000000e+00  2.45470892e+02 -3.01216715e+01 
 2.51188643e+02  2.51188643e+02  0.00000000e+00  2.51188643e+02 -3.01250886e+01 
 2.57039578e+02  2.57039578e+02  0.00000000e+00  2.57039578e+02 -3.01286638e+01 
 2.63026799e+02  2.63026799e+02  0.00000000e+00  2.63026799e+02 -3.01324044e+01 
 2.69153480e+02  2.69153480e+02  0.00000000e+00  2.69153480e+02 -3.01363179e+01 
 2.75422870e+02  2.75422870e+02  0.00000000e+00  2.75422870e+02 -3.01404120e+01 
 2.81838293e+02  2.81838293e+02  0.00000000e+00  2.81838293e+02 -3.01446949e+01 
 2.88403150e+02  2.88403150e+02  0.00000000e+00  2.88403150e+02 -3.01491751e+01 
 2.95120923e+02  2.95120923e+02  0.00000000e+00  2.95120923e+02 -3.01538615e+01 
 3.01995172e+02  3.01995172e+02  0.00000000e+00  3.01995172e+02 -3.01587634e+01 
 3.09029543e+02  3.09029543e+02  0.00000000e+00  3.09029543e+02 -3.01638904e+01 
 3.16227766e+02  3.16227766e+02  0.00000000e+00  3.16227766e+02 -3.01692525e+01 
 3.23593657e+02  3.23593657e+02  0.00000000e+00  3.23593657e+02 -3.01748603e+01 
 3.31131121e+02  3.31131121e+02  0.00000000e+00  3.31131121e+02 -3.01807245e+01 
 3.38844156e+02  3.38844156e+02  0.00000000e+00  3.38844156e+02 -3.01868567e+01 
 3.46736850e+02  3.46736850e+02  0.00000000e+00  3.46736850e+02 -3.01932686e+01 
 3.54813389e+02  3.54813389e+02  0.00000000e+00  3.54813389e+02 -3.01999726e+01 
 3.63078055e+02  3.63078055e+02  0.00000000e+00  3.63078055e+02 -3.02069815e+01 
 3.71535229e+02  3.71535229e+02  0.00000000e+00  3.71535229e+02 -3.02143085e+01 
 3.80189396e+02  3.80189396e+02  0.00000000e+00  3.80189396e+02 -3.02219677e+01 
 3.89045145e+02  3.89045145e+02  0.00000000e+00  3.89045145e+02 -3.02299733e+01 
 3.98107171e+02  3.98107171e+02  0.00000000e+00  3.98107171e+02 -3.02383405e+01 
 4.07380278e+02  4.07380278e+02  0.00000000e+00  4.07380278e+02 -3.02470847e+01 
 4.16869383e+02  4.16869383e+02  0.00000000e+00  4.16869383e+02 -3.02562223e+01 
 4.26579519e+02  4.26579519e+02  0.00000000e+00  4.26579519e+02 -3.02657699e+01 
 4.36515832e+02  4.36515832e+02  0.00000000e+00  4.36515832e+02 -3.02757450e+01 
 4.46683592e+02  4.46683592e+02  0.00000000e+00  4.46683592e+02 -3.02861657e+01 
 4.57088190e+02  4.57088190e+02  0.00000000e+00  4.57088190e+02 -3.02970508e+01 
 4.67735141e+02  4.67735141e+02  0.00000000e+00  4.67735141e+02 -3.03084198e+01 
 4.78630092e+02  4.78630092e+02  0.00000000e+00  4.78630092e+02 -3.03202927e+01 
 4.89778819e+02  4.89778819e+02  0.00000000e+00  4.89778819e+02 -3.03326905e+01 
 5.01187234e+02  5.01187234e+02  0.00000000e+00  5.01187234e+02 -3.03456348e+01 
 5.12861384e+02  5.12861384e+02  0.00000000e+00  5.12861384e+02 -3.03591479e+01 
 5.24807460e+02  5.24807460e+02  0.00000000e+00  5.24807460e+02 -3.03732529e+01 
 5.37031796e+02  5.37031796e+02  0.00000000e+00  5.37031796e+02 -3.03879738e+01 
 5.49540874e+02  5.49540874e+02  0.00000000e+00  5.49540874e+02 -3.04033351e+01 
 5.62341325e+02  5.62341325e+02  0.00000000e+00  5.62341325e+02 -3.04193623e+01 
 5.75439937e+02  5.75439937e+02  0.00000000e+00  5.75439937e+02 -3.04360818e+01 
 5.88843655e+02  5.88843655e+02  0.00000000e+00  5.88843655e+02 -3.04535204e+01 
 6.02559586e+02  6.02559586e+02  0.00000000e+00  6.02559586e+02 -3.04717062e+01 
 6.16595002e+02  6.16595002e+02  0.00000000e+00  6.16595002e+02 -3.04906678e+01 
 6.30957344e+02  6.30957344e+02  0.00000000e+00  6.30957344e+02 -3.05104347e+01 
 6.45654229e+02  6.45654229e+02  0.00000000e+00  6.45654229e+02 -3.05310373e+01 
 6.60693448e+02  6.60693448e+02  0.00000000e+00  6.60693448e+02 -3.05525065e+01 
 6.76082975e+02  6.76082975e+02  0.00000000e+00  6.76082975e+02 -3.05748743e+01 
 6.91830971e+02  6.91830971e+02  0.00000000e+00  6.91830971e+02 -3.05981736e+01 
 7.07945784e+02  7.07945784e+02  0.00000000e+00  7.07945784e+02 -3.06224376e+01 
 7.24435960e+02  7.24435960e+02  0.00000000e+00  7.24435960e+02 -3.06477007e+01 
 7.41310241e+02  7.41310241e+02  0.00000000e+00  7.41310241e+02 -3.06739978e+01 
 7.58577575e+02  7.58577575e+02  0.00000000e+00  7.58577575e+02 -3.07013647e+01 
 7.76247117e+02  7.76247117e+02  0.00000000e+00  7.76247117e+02 -3.07298377e+01 
 7.94328235e+02  7.94328235e+02  0.00000000e+00  7.94328235e+02 -3.07594538e+01 
 8.12830516e+02  8.12830516e+02  0.00000000e+00  8.12830516e+02 -3.07902508e+01 
 8.31763771e+02  8.31763771e+02  0.00000000e+00  8.31763771e+02 -3.08222668e+01 
 8.51138038e+02  8.51138038e+02  0.00000000e+00  8.51138038e+02 -3.08555406e+01 
 8.70963590e+02  8.70963590e+02  0.00000000e+00  8.70963590e+02 -3.08901115e+01 
 8.91250938e+02  8.91250938e+02  0.00000000e+00  8.91250938e+02 -3.09260191e+01 
 9.12010839e+02  9.12010839e+02  0.00000000e+00  9.12010839e+02 -3.09633035e+01 
 9.33254301e+02  9.33254301e+02  0.00000000e+00  9.33254301e+02 -3.10020049e+01 
 9.54992586e+02  9.54992586e+02  0.00000000e+00  9.54992586e+02 -3.10421640e+01 
 9.77237221e+02  9.77237221e+02  0.00000000e+00  9.77237221e+02 -3.10838215e+01 
 1.00000000e+03  1.00000000e+03  0.00000000e+00  1.00000000e+03 -3.11270182e+01 
 1.02329299e+03  1.02329299e+03  0.00000000e+00  1.02329299e+03 -3.11717948e+01 
 1.04712855e+03  1.04712855e+03  0.00000000e+00  1.04712855e+03 -3.12181921e+01 
 1.07151931e+03  1.07151931e+03  0.00000000e+00  1.07151931e+03 -3.12662506e+01 
 1.09647820e+03  1.09647820e+03  0.00000000e+00  1.09647820e+03 -3.13160104e+01 
 1.12201845e+03  1.12201845e+03  0.00000000e+00  1.12201845e+03 -3.13675113e+01 
 1.14815362e+03  1.14815362e+03  0.00000000e+00  1.14815362e+03 -3.14207928e+01 
 1.17489755e+03  1.17489755e+03  0.00000000e+00  1.17489755e+03 -3.14758935e+01 
 1.20226443e+03  1.20226443e+03  0.00000000e+00  1.20226443e+03 -3.15328513e+01 
 1.23026877e+03  1.23026877e+03  0.00000000e+00  1.23026877e+03 -3.15917036e+01 
 1.25892541e+03  1.25892541e+03  0.00000000e+00  1.25892541e+03 -3.16524864e+01 
 1.28824955e+03  1.28824955e+03  0.00000000e+00  1.28824955e+03 -3.17152351e+01 
 1.31825674e+03  1.31825674e+03  0.00000000e+00  1.31825674e+03 -3.17799835e+01 
 1.34896288e+03  1.34896288e+03  0.00000000e+00  1.34896288e+03 -3.18467644e+01 
 1.38038426e+03  1.38038426e+03  0.00000000e+00  1.38038426e+03 -3.19156091e+01 
 1.41253754e+03  1.41253754e+03  0.00000000e+00  1.41253754e+03 -3.19865475e+01 
 1.44543977e+03  1.44543977e+03  0.00000000e+00  1.44543977e+03 -3.20596078e+01 
 1.47910839e+03  1.47910839e+03  0.00000000e+00  1.47910839e+03 -3.21348164e+01 
 1.51356125e+03  1.51356125e+03  0.00000000e+00  1.51356125e+03 -3.22121980e+01 
 1.54881662e+03  1.54881662e+03  0.00000000e+00  1.54881662e+03 -3.22917753e+01 
 1.58489319e+03  1.58489319e+03  0.00000000e+00  1.58489319e+03 -3.23735691e+01 
 1.62181010e+03  1.62181010e+03  0.00000000e+00  1.62181010e+03 -3.24575981e+01 
 1.65958691e+03  1.65958691e+03  0.00000000e+00  1.65958691e+03 -3.25438786e+01 
 1.69824365e+03  1.69824365e+03  0.00000000e+00  1.69824365e+03 -3.26324251e+01 
 1.73780083e+03  1.73780083e+03  0.00000000e+00  1.73780083e+03 -3.27232495e+01 
 1.77827941e+03  1.77827941e+03  0.00000000e+00  1.77827941e+03 -3.28163614e+01 
 1.81970086e+03  1.81970086e+03  0.00000000e+00  1.81970086e+03 -3.29117681e+01 
 1.86208714e+03  1.86208714e+03  0.00000000e+00  1.86208714e+03 -3.30094745e+01 
 1.90546072e+03  1.90546072e+03  0.00000000e+00  1.90546072e+03 -3.31094829e+01 
 1.94984460e+03  1.94984460e+03  0.00000000e+00  1.94984460e+03 -3.32117934e+01 
 1.99526231e+03  1.99526231e+03  0.00000000e+00  1.99526231e+03 -3.33164035e+01 
 2.04173794e+03  2.04173794e+03  0.00000000e+00  2.04173794e+03 -3.34233084e+01 
 2.08929613e+03  2.08929613e+03  0.00000000e+00  2.08929613e+03 -3.35325007e+01 
 2.13796209e+03  2.13796209e+03  0.00000000e+00  2.13796209e+03 -3.36439709e+01 
 2.18776162e+03  2.18776162e+03  0.00000000e+00  2.18776162e+03 -3.37577068e+01 
 2.23872114e+03  2.23872114e+03  0.00000000e+00  2.23872114e+03 -3.38736943e+01 
 2.29086765e+03  2.29086765e+03  0.00000000e+00  2.29086765e+03 -3.39919168e+01 
 2.34422882e+03  2.34422882e+03  0.00000000e+00  2.34422882e+03 -3.41123556e+01 
 2.39883292e+03  2.39883292e+03  0.00000000e+00  2.39883292e+03 -3.42349901e+01 
 2.45470892e+03  2.45470892e+03  0.00000000e+00  2.45470892e+03 -3.43597973e+01 
 2.51188643e+03  2.51188643e+03  0.00000000e+00  2.51188643e+03 -3.44867527e+01 
 2.57039578e+03  2.57039578e+03  0.00000000e+00  2.57039578e+03 -3.46158297e+01 
 2.63026799e+03  2.63026799e+03  0.00000000e+00  2.63026799e+03 -3.47470002e+01 
 2.69153480e+03  2.69153480e+03  0.00000000e+00  2.69153480e+03 -3.48802343e+01 
 2.75422870e+03  2.75422870e+03  0.00000000e+00  2.75422870e+03 -3.50155006e+01 
 2.81838293e+03  2.81838293e+03  0.00000000e+00  2.81838293e+03 -3.51527665e+01 
 2.88403150e+03  2.88403150e+03  0.00000000e+00  2.88403150e+03 -3.52919979e+01 
 2.95120923e+03  2.95120923e+03  0.00000000e+00  2.95120923e+03 -3.54331597e+01 
 3.01995172e+03  3.01995172e+03  0.00000000e+00  3.01995172e+03 -3.55762156e+01 
 3.09029543e+03  3.09029543e+03  0.00000000e+00  3.09029543e+03 -3.57211283e+01 
 3.16227766e+03  3.16227766e+03  0.00000000e+00  3.16227766e+03 -3.58678601e+01 
 3.23593657e+03  3.23593657e+03  0.00000000e+00  3.23593657e+03 -3.60163720e+01 
 3.31131121e+03  3.31131121e+03  0.00000000e+00  3.31131121e+03 -3.61666248e+01 
 3.38844156e+03  3.38844156e+03  0.00000000e+00  3.38844156e+03 -3.63185786e+01 
 3.46736850e+03  3.46736850e+03  0.00000000e+00  3.46736850e+03 -3.64721934e+01 
 3.54813389e+03  3.54813389e+03  0.00000000e+00  3.54813389e+03 -3.66274284e+01 
 3.63078055e+03  3.63078055e+03  0.00000000e+00  3.63078055e+03 -3.67842432e+01 
 3.71535229e+03  3.71535229e+03  0.00000000e+00  3.71535229e+03 -3.69425968e+01 
 3.80189396e+03  3.80189396e+03  0.00000000e+00  3.80189396e+03 -3.71024485e+01 
 3.89045145e+03  3.89045145e+03  0.00000000e+00  3.89045145e+03 -3.72637576e+01 
 3.98107171e+03  3.98107171e+03  0.00000000e+00  3.98107171e+03 -3.74264835e+01 
 4.07380278e+03  4.07380278e+03  0.00000000e+00  4.07380278e+03 -3.75905858e+01 
 4.16869383e+03  4.16869383e+03  0.00000000e+00  4.16869383e+03 -3.77560246e+01 
 4.26579519e+03  4.26579519e+03  0.00000000e+00  4.26579519e+03 -3.79227601e+01 
 4.36515832e+03  4.36515832e+03  0.00000000e+00  4.36515832e+03 -3.80907532e+01 
 4.46683592e+03  4.46683592e+03  0.00000000e+00  4.46683592e+03 -3.82599650e+01 
 4.57088190e+03  4.57088190e+03  0.00000000e+00  4.57088190e+03 -3.84303574e+01 
 4.67735141e+03  4.67735141e+03  0.00000000e+00  4.67735141e+03 -3.86018926e+01 
 4.78630092e+03  4.78630092e+03  0.00000000e+00  4.78630092e+03 -3.87745337e+01 
 4.89778819e+03  4.89778819e+03  0.00000000e+00  4.89778819e+03 -3.89482442e+01 
 5.01187234e+03  5.01187234e+03  0.00000000e+00  5.01187234e+03 -3.91229886e+01 
 5.12861384e+03  5.12861384e+03  0.00000000e+00  5.12861384e+03 -3.92987318e+01 
 5.24807460e+03  5.24807460e+03  0.00000000e+00  5.24807460e+03 -3.94754395e+01 
 5.37031796e+03  5.37031796e+03  0.00000000e+00  5.37031796e+03 -3.96530783e+01 
 5.49540874e+03  5.49540874e+03  0.00000000e+00  5.49540874e+03 -3.98316155e+01 
 5.62341325e+03  5.62341325e+03  0.00000000e+00  5.62341325e+03 -4.00110193e+01 
 5.75439937e+03  5.75439937e+03  0.00000000e+00  5.75439937e+03 -4.01912584e+01 
 5.88843655e+03  5.88843655e+03  0.00000000e+00  5.88843655e+03 -4.03723026e+01 
 6.02559586e+03  6.02559586e+03  0.00000000e+00  6.02559586e+03 -4.05541223e+01 
 6.16595002e+03  6.16595002e+03  0.00000000e+00  6.16595002e+03 -4.07366890e+01 
 6.30957344e+03  6.30957344e+03  0.00000000e+00  6.30957344e+03 -4.09199748e+01 
 6.45654229e+03  6.45654229e+03  0.00000000e+00  6.45654229e+03 -4.11039525e+01 
 6.60693448e+03  6.60693448e+03  0.00000000e+00  6.60693448e+03 -4.12885959e+01 
 6.76082975e+03  6.76082975e+03  0.00000000e+00  6.76082975e+03 -4.14738797e+01 
 6.91830971e+03  6.91830971e+03  0.00000000e+00  6.91830971e+03 -4.16597791e+01 
 7.07945784e+03  7.07945784e+03  0.00000000e+00  7.07945784e+03 -4.18462703e+01 
 7.24435960e+03  7.24435960e+03  0.00000000e+00  7.24435960e+03 -4.20333301e+01 
 7.41310241e+03  7.41310241e+03  0.00000000e+00  7.41310241e+03 -4.22209362e+01 
 7.58577575e+03  7.58577575e+03  0.00000000e+00  7.58577575e+03 -4.24090670e+01 
 7.76247117e+03  7.76247117e+03  0.00000000e+00  7.76247117e+03 -4.25977017e+01 
 7.94328235e+03  7.94328235e+03  0.00000000e+00  7.94328235e+03 -4.27868200e+01 
 8.12830516e+03  8.12830516e+03  0.00000000e+00  8.12830516e+03 -4.29764026e+01 
 8.31763771e+03  8.31763771e+03  0.00000000e+00  8.31763771e+03 -4.31664307e+01 
 8.51138038e+03  8.51138038e+03  0.00000000e+00  8.51138038e+03 -4.33568861e+01 
 8.70963590e+03  8.70963590e+03  0.00000000e+00  8.70963590e+03 -4.35477516e+01 
 8.91250938e+03  8.91250938e+03  0.00000000e+00  8.91250938e+03 -4.37390101e+01 
 9.12010839e+03  9.12010839e+03  0.00000000e+00  9.12010839e+03 -4.39306457e+01 
 9.33254301e+03  9.33254301e+03  0.00000000e+00  9.33254301e+03 -4.41226426e+01 
 9.54992586e+03  9.54992586e+03  0.00000000e+00  9.54992586e+03 -4.43149859e+01 
 9.77237221e+03  9.77237221e+03  0.00000000e+00  9.77237221e+03 -4.45076613e+01 
 1.00000000e+04  1.00000000e+04  0.00000000e+00  1.00000000e+04 -4.47006547e+01 
 1.02329299e+04  1.02329299e+04  0.00000000e+00  1.02329299e+04 -4.48939529e+01 
 1.04712855e+04  1.04712855e+04  0.00000000e+00  1.04712855e+04 -4.50875431e+01 
 1.07151931e+04  1.07151931e+04  0.00000000e+00  1.07151931e+04 -4.52814129e+01 
 1.09647820e+04  1.09647820e+04  0.00000000e+00  1.09647820e+04 -4.54755506e+01 
 1.12201845e+04  1.12201845e+04  0.00000000e+00  1.12201845e+04 -4.56699446e+01 
 1.14815362e+04  1.14815362e+04  0.00000000e+00  1.14815362e+04 -4.58645843e+01 
 1.17489755e+04  1.17489755e+04  0.00000000e+00  1.17489755e+04 -4.60594590e+01 
 1.20226443e+04  1.20226443e+04  0.00000000e+00  1.20226443e+04 -4.62545587e+01 
 1.23026877e+04  1.23026877e+04  0.00000000e+00  1.23026877e+04 -4.64498738e+01 
 1.25892541e+04  1.25892541e+04  0.00000000e+00  1.25892541e+04 -4.66453951e+01 
 1.28824955e+04  1.28824955e+04  0.00000000e+00  1.28824955e+04 -4.68411136e+01 
 1.31825674e+04  1.31825674e+04  0.00000000e+00  1.31825674e+04 -4.70370208e+01 
 1.34896288e+04  1.34896288e+04  0.00000000e+00  1.34896288e+04 -4.72331087e+01 
 1.38038426e+04  1.38038426e+04  0.00000000e+00  1.38038426e+04 -4.74293693e+01 
 1.41253754e+04  1.41253754e+04  0.00000000e+00  1.41253754e+04 -4.76257953e+01 
 1.44543977e+04  1.44543977e+04  0.00000000e+00  1.44543977e+04 -4.78223793e+01 
 1.47910839e+04  1.47910839e+04  0.00000000e+00  1.47910839e+04 -4.80191146e+01 
 1.51356125e+04  1.51356125e+04  0.00000000e+00  1.51356125e+04 -4.82159945e+01 
 1.54881662e+04  1.54881662e+04  0.00000000e+00  1.54881662e+04 -4.84130128e+01 
 1.58489319e+04  1.58489319e+04  0.00000000e+00  1.58489319e+04 -4.86101633e+01 
 1.62181010e+04  1.62181010e+04  0.00000000e+00  1.62181010e+04 -4.88074404e+01 
 1.65958691e+04  1.65958691e+04  0.00000000e+00  1.65958691e+04 -4.90048384e+01 
 1.69824365e+04  1.69824365e+04  0.00000000e+00  1.69824365e+04 -4.92023520e+01 
 1.73780083e+04  1.73780083e+04  0.00000000e+00  1.73780083e+04 -4.93999763e+01 
 1.77827941e+04  1.77827941e+04  0.00000000e+00  1.77827941e+04 -4.95977062e+01 
 1.81970086e+04  1.81970086e+04  0.00000000e+00  1.81970086e+04 -4.97955372e+01 
 1.86208714e+04  1.86208714e+04  0.00000000e+00  1.86208714e+04 -4.99934648e+01 
 1.90546072e+04  1.90546072e+04  0.00000000e+00  1.90546072e+04 -5.01914848e+01 
 1.94984460e+04  1.94984460e+04  0.00000000e+00  1.94984460e+04 -5.03895930e+01 
 1.99526231e+04  1.99526231e+04  0.00000000e+00  1.99526231e+04 -5.05877856e+01 
 2.04173794e+04  2.04173794e+04  0.00000000e+00  2.04173794e+04 -5.07860589e+01 
 2.08929613e+04  2.08929613e+04  0.00000000e+00  2.08929613e+04 -5.09844092e+01 
 2.13796209e+04  2.13796209e+04  0.00000000e+00  2.13796209e+04 -5.11828332e+01 
 2.18776162e+04  2.18776162e+04  0.00000000e+00  2.18776162e+04 -5.13813276e+01 
 2.23872114e+04  2.23872114e+04  0.00000000e+00  2.23872114e+04 -5.15798893e+01 
 2.29086765e+04  2.29086765e+04  0.00000000e+00  2.29086765e+04 -5.17785152e+01 
 2.34422882e+04  2.34422882e+04  0.00000000e+00  2.34422882e+04 -5.19772026e+01 
 2.39883292e+04  2.39883292e+04  0.00000000e+00  2.39883292e+04 -5.21759487e+01 
 2.45470892e+04  2.45470892e+04  0.00000000e+00  2.45470892e+04 -5.23747509e+01 
 2.51188643e+04  2.51188643e+04  0.00000000e+00  2.51188643e+04 -5.25736067e+01 
 2.57039578e+04  2.57039578e+04  0.00000000e+00  2.57039578e+04 -5.27725137e+01 
 2.63026799e+04  2.63026799e+04  0.00000000e+00  2.63026799e+04 -5.29714697e+01 
 2.69153480e+04  2.69153480e+04  0.00000000e+00  2.69153480e+04 -5.31704724e+01 
 2.75422870e+04  2.75422870e+04  0.00000000e+00  2.75422870e+04 -5.33695197e+01 
 2.81838293e+04  2.81838293e+04  0.00000000e+00  2.81838293e+04 -5.35686098e+01 
 2.88403150e+04  2.88403150e+04  0.00000000e+00  2.88403150e+04 -5.37677406e+01 
 2.95120923e+04  2.95120923e+04  0.00000000e+00  2.95120923e+04 -5.39669104e+01 
 3.01995172e+04  3.01995172e+04  0.00000000e+00  3.01995172e+04 -5.41661174e+01 
 3.09029543e+04  3.09029543e+04  0.00000000e+00  3.09029543e+04 -5.43653600e+01 
 3.16227766e+04  3.16227766e+04  0.00000000e+00  3.16227766e+04 -5.45646365e+01 
 3.23593657e+04  3.23593657e+04  0.00000000e+00  3.23593657e+04 -5.47639455e+01 
 3.31131121e+04  3.31131121e+04  0.00000000e+00  3.31131121e+04 -5.49632855e+01 
 3.38844156e+04  3.38844156e+04  0.00000000e+00  3.38844156e+04 -5.51626551e+01 
 3.46736850e+04  3.46736850e+04  0.00000000e+00  3.46736850e+04 -5.53620529e+01 
 3.54813389e+04  3.54813389e+04  0.00000000e+00  3.54813389e+04 -5.55614778e+01 
 3.63078055e+04  3.63078055e+04  0.00000000e+00  3.63078055e+04 -5.57609285e+01 
 3.71535229e+04  3.71535229e+04  0.00000000e+00  3.71535229e+04 -5.59604039e+01 
 3.80189396e+04  3.80189396e+04  0.00000000e+00  3.80189396e+04 -5.61599028e+01 
 3.89045145e+04  3.89045145e+04  0.00000000e+00  3.89045145e+04 -5.63594243e+01 
 3.98107171e+04  3.98107171e+04  0.00000000e+00  3.98107171e+04 -5.65589672e+01 
 4.07380278e+04  4.07380278e+04  0.00000000e+00  4.07380278e+04 -5.67585306e+01 
 4.16869383e+04  4.16869383e+04  0.00000000e+00  4.16869383e+04 -5.69581137e+01 
 4.26579519e+04  4.26579519e+04  0.00000000e+00  4.26579519e+04 -5.71577154e+01 
 4.36515832e+04  4.36515832e+04  0.00000000e+00  4.36515832e+04 -5.73573351e+01 
 4.46683592e+04  4.46683592e+04  0.00000000e+00  4.46683592e+04 -5.75569718e+01 
 4.57088190e+04  4.57088190e+04  0.00000000e+00  4.57088190e+04 -5.77566249e+01 
 4.67735141e+04  4.67735141e+04  0.00000000e+00  4.67735141e+04 -5.79562936e+01 
 4.78630092e+04  4.78630092e+04  0.00000000e+00  4.78630092e+04 -5.81559771e+01 
 4.89778819e+04  4.89778819e+04  0.00000000e+00  4.89778819e+04 -5.83556749e+01 
 5.01187234e+04  5.01187234e+04  0.00000000e+00  5.01187234e+04 -5.85553862e+01 
 5.12861384e+04  5.12861384e+04  0.00000000e+00  5.12861384e+04 -5.87551106e+01 
 5.24807460e+04  5.24807460e+04  0.00000000e+00  5.24807460e+04 -5.89548473e+01 
 5.37031796e+04  5.37031796e+04  0.00000000e+00  5.37031796e+04 -5.91545958e+01 
 5.49540874e+04  5.49540874e+04  0.00000000e+00  5.49540874e+04 -5.93543557e+01 
 5.62341325e+04  5.62341325e+04  0.00000000e+00  5.62341325e+04 -5.95541263e+01 
 5.75439937e+04  5.75439937e+04  0.00000000e+00  5.75439937e+04 -5.97539073e+01 
 5.88843655e+04  5.88843655e+04  0.00000000e+00  5.88843655e+04 -5.99536981e+01 
 6.02559586e+04  6.02559586e+04  0.00000000e+00  6.02559586e+04 -6.01534983e+01 
 6.16595002e+04  6.16595002e+04  0.00000000e+00  6.16595002e+04 -6.03533075e+01 
 6.30957344e+04  6.30957344e+04  0.00000000e+00  6.30957344e+04 -6.05531253e+01 
 6.45654229e+04  6.45654229e+04  0.00000000e+00  6.45654229e+04 -6.07529513e+01 
 6.60693448e+04  6.60693448e+04  0.00000000e+00  6.60693448e+04 -6.09527851e+01 
 6.76082975e+04  6.76082975e+04  0.00000000e+00  6.76082975e+04 -6.11526263e+01 
 6.91830971e+04  6.91830971e+04  0.00000000e+00  6.91830971e+04 -6.13524748e+01 
 7.07945784e+04  7.07945784e+04  0.00000000e+00  7.07945784e+04 -6.15523300e+01 
 7.24435960e+04  7.24435960e+04  0.00000000e+00  7.24435960e+04 -6.17521917e+01 
 7.41310241e+04  7.41310241e+04  0.00000000e+00  7.41310241e+04 -6.19520597e+01 
 7.58577575e+04  7.58577575e+04  0.00000000e+00  7.58577575e+04 -6.21519336e+01 
 7.76247117e+04  7.76247117e+04  0.00000000e+00  7.76247117e+04 -6.23518132e+01 
 7.94328235e+04  7.94328235e+04  0.00000000e+00  7.94328235e+04 -6.25516981e+01 
 8.12830516e+04  8.12830516e+04  0.00000000e+00  8.12830516e+04 -6.27515883e+01 
 8.31763771e+04  8.31763771e+04  0.00000000e+00  8.31763771e+04 -6.29514834e+01 
 8.51138038e+04  8.51138038e+04  0.00000000e+00  8.51138038e+04 -6.31513832e+01 
 8.70963590e+04  8.70963590e+04  0.00000000e+00  8.70963590e+04 -6.33512876e+01 
 8.91250938e+04  8.91250938e+04  0.00000000e+00  8.91250938e+04 -6.35511962e+01 
 9.12010839e+04  9.12010839e+04  0.00000000e+00  9.12010839e+04 -6.37511089e+01 
 9.33254301e+04  9.33254301e+04  0.00000000e+00  9.33254301e+04 -6.39510256e+01 
 9.54992586e+04  9.54992586e+04  0.00000000e+00  9.54992586e+04 -6.41509460e+01 
 9.77237221e+04  9.77237221e+04  0.00000000e+00  9.77237221e+04 -6.43508700e+01 
 1.00000000e+05  1.00000000e+05  0.00000000e+00  1.00000000e+05 -6.45507974e+01 
